Cistercian Number Laboratory
https://standardgalactic.github.io/generate-worksheet.html
Page 1
2196
9250
9194
0323 
0126
0027
3276
2866 
4901
9956
4775
4344 
0020
4052
7605
2869 
4960
8927
8253
5352 
7476
2164
5913
0629 
2220
8888
1587
7577 
4822
6117
3535
6954 

Page 2
6067
8867
8057
9656 
3465
4860
5288
0722 
6511
8168
4950
5632 
0085
3324
4296
9119 
1426
5577
4045
3736 
3989
0293
6791
6185 
7473
6519
2671
2045 
1157
9397
8073
5586 

Page 3
5762
5503
1120
3656 
8825
8512
9550
7426 
0279
3663
1331
3202 
7783
8412
4631
3575 
6253
7967
7740
6769 
1769
5994
3054
1833 
3153
7360
2825
5689 
1036
2651
2607
1201 

Page 4
4846
8395
8240
4314 
6417
8959
1605
2447 
4576
8377
5843
5012 
6549
0797
9741
1379 
6930
1439
1303
0642 
7819
0557
5657
4039 
7887
0099
7827
9991 
0572
8249
1045
8194 

Page 5
6146
5991
4823
9573 
0951
0414
1538
3937 
9480
9744
8892
6566 
9476
4313
7429
8108 
9524
0105
6712
9547 
3289
8355
2049
4954 
8409
6448
0634
4348 
5952
9252
2997
0333 

Page 6
2075
8433
7468
8235 
2665
6948
9283
7375 
7100
2054
3853
7084 
9913
3782
7264
3672 
5166
2987
4833
8900 
4897
5139
3537
9062 
4005
0810
6151
2481 
2353
4356
9685
6842 

Page 7
0080
4202
3673
8729 
8394
7188
2860
8467 
2598
5074
4923
6539 
1783
3738
9156
4405 
3935
6401
9637
7841 
8096
8731
2570
5082 
8540
1184
8837
8978 
3622
4692
7016
4073 

Page 8
7864
3161
7566
9107 
7006
4567
0173
4589 
7242
9148
5484
1906 
6218
3951
8059
6124 
2391
0270
5645
3908 
7760
7191
9083
4179 
6801
1053
4996
1574 
9104
1337
4267
1344 

