Cistercian Number Laboratory
https://standardgalactic.github.io/generate-worksheet.html
Page 1
0014
4385
1024
2117 
8232
3001
1374
1432 
3359
3163
6928
6326 
6895
1052
1593
4138 
5572
8665
8831
9794 
5644
8084
1352
7330 
9610
9762
1041
4767 
7587
2917
3463
1054 

Page 2
2547
6546
4623
8492 
3910
8085
8357
8976 
4859
0604
9434
2336 
1326
0394
1173
6002 
2599
7553
6879
0013 
8832
2057
2143
4379 
0705
7210
7258
4595 
7475
7159
2019
3043 

Page 3
5861
2895
3437
1528 
3924
7314
2126
3385 
9806
1698
9828
7701 
9156
0075
4479
1999 
1147
7881
2581
9280 
5983
9465
9997
3167 
0964
2308
5136
3718 
6333
3129
8438
3162 

Page 4
5520
6672
5955
8878 
1834
9159
9658
1652 
2617
5910
3276
5821 
1828
4078
9766
8838 
8369
3752
8896
3412 
2687
6870
4738
0884 
5456
2921
8731
0935 
1043
5110
6908
5115 

Page 5
4636
7246
9502
7062 
7539
6560
7695
8377 
8622
8127
3788
5253 
9040
1574
0183
3911 
2404
8390
3813
4510 
2169
3469
6726
2928 
8897
0769
0826
4135 
4650
9331
1604
6691 

Page 6
6526
3527
1346
9312 
9370
9408
3127
4454 
6589
8420
0275
5617 
5696
0144
3770
2504 
0307
8913
8183
2190 
3397
1238
8024
4776 
7380
2166
0002
5250 
9437
8207
2009
3496 

Page 7
6408
2287
0103
3208 
3605
0212
5892
3670 
3629
1569
4395
1690 
2883
7874
7658
4292 
0419
8805
0441
9482 
6570
1432
6651
4714 
6853
5241
3406
4844 
6389
1612
4788
6564 

